#year	season	fleet	sex	type	shell	maturity	nsamp	datavector																															
1990	3	1	1	1	0	0	100	0.0000	0.0000	0.0000	0.0000	0.0000	0.0000	0.0000	0.0000	0.0000	0.0000	0.0000	0.0000	0.0000	0.0000	0.0003	0.0003	0.0143	0.0884	0.1783	0.1699	0.1737	0.1438	0.1167	0.0729	0.0314	0.0071	0.0026	0.0004	0.0000	0.0000	0.0000	#7218
1991	3	1	1	1	0	0	100	0.0000	0.0000	0.0000	0.0000	0.0000	0.0000	0.0000	0.0000	0.0000	0.0000	0.0000	0.0001	0.0000	0.0000	0.0001	0.0005	0.0138	0.0830	0.1613	0.1854	0.1721	0.1431	0.1145	0.0719	0.0364	0.0135	0.0034	0.0006	0.0001	0.0000	0.0000	#36928
1992	3	1	1	1	0	0	100	0.0000	0.0000	0.0000	0.0000	0.0000	0.0000	0.0000	0.0000	0.0000	0.0002	0.0001	0.0001	0.0001	0.0002	0.0002	0.0006	0.0150	0.0699	0.1388	0.1606	0.1817	0.1592	0.1234	0.0827	0.0461	0.0165	0.0036	0.0009	0.0001	0.0001	0.0000	#25550
1993	3	1	1	1	0	0	100	0.0000	0.0000	0.0000	0.0000	0.0000	0.0000	0.0000	0.0000	0.0000	0.0000	0.0000	0.0001	0.0001	0.0002	0.0002	0.0009	0.0140	0.0944	0.1790	0.1741	0.1597	0.1327	0.1071	0.0698	0.0441	0.0180	0.0046	0.0009	0.0002	0.0000	0.0000	#32942
1996	3	1	1	1	0	0	100	0.0000	0.0000	0.0000	0.0000	0.0000	0.0001	0.0000	0.0001	0.0000	0.0000	0.0001	0.0001	0.0002	0.0000	0.0001	0.0006	0.0129	0.0786	0.1419	0.1628	0.1768	0.1673	0.1286	0.0773	0.0346	0.0132	0.0033	0.0011	0.0003	0.0000	0.0000	#8896
1997	3	1	1	1	0	0	100	0.0000	0.0000	0.0000	0.0000	0.0000	0.0000	0.0000	0.0000	0.0000	0.0000	0.0001	0.0001	0.0001	0.0000	0.0001	0.0003	0.0135	0.0893	0.1489	0.1610	0.1702	0.1585	0.1243	0.0811	0.0361	0.0126	0.0033	0.0004	0.0001	0.0000	0.0000	#16143
1998	3	1	1	1	0	0	100	0.0000	0.0000	0.0000	0.0000	0.0000	0.0000	0.0000	0.0000	0.0001	0.0000	0.0001	0.0001	0.0001	0.0004	0.0002	0.0008	0.0220	0.1171	0.1586	0.1482	0.1435	0.1405	0.1222	0.0840	0.0428	0.0146	0.0033	0.0012	0.0002	0.0001	0.0000	#17116
1999	3	1	1	1	0	0	100	0.0000	0.0000	0.0000	0.0000	0.0000	0.0000	0.0000	0.0000	0.0000	0.0000	0.0000	0.0000	0.0000	0.0001	0.0000	0.0002	0.0140	0.1272	0.2531	0.2271	0.1641	0.0985	0.0562	0.0322	0.0179	0.0070	0.0017	0.0006	0.0002	0.0000	0.0000	#18685
2000	3	1	1	1	0	0	100	0.0000	0.0000	0.0000	0.0000	0.0000	0.0000	0.0001	0.0000	0.0001	0.0000	0.0000	0.0001	0.0001	0.0000	0.0001	0.0003	0.0110	0.0930	0.1940	0.2116	0.1827	0.1245	0.0878	0.0516	0.0269	0.0110	0.0037	0.0008	0.0004	0.0001	0.0000	#14143
2001	3	1	1	1	0	0	100	0.0000	0.0000	0.0000	0.0000	0.0000	0.0000	0.0000	0.0000	0.0000	0.0001	0.0001	0.0001	0.0001	0.0002	0.0002	0.0012	0.0175	0.0820	0.1677	0.1979	0.1940	0.1509	0.1051	0.0491	0.0229	0.0083	0.0021	0.0004	0.0001	0.0000	0.0001	#13735
2002	3	1	1	1	0	0	100	0.0000	0.0000	0.0000	0.0000	0.0000	0.0000	0.0000	0.0000	0.0000	0.0001	0.0000	0.0001	0.0001	0.0001	0.0000	0.0002	0.0146	0.1056	0.1865	0.1888	0.1683	0.1352	0.1002	0.0600	0.0276	0.0103	0.0017	0.0005	0.0002	0.0000	0.0000	#16837
2003	3	1	1	1	0	0	100	0.0000	0.0000	0.0000	0.0000	0.0000	0.0000	0.0000	0.0001	0.0002	0.0001	0.0001	0.0000	0.0001	0.0001	0.0002	0.0008	0.0222	0.1381	0.2251	0.1889	0.1527	0.1049	0.0739	0.0502	0.0290	0.0098	0.0029	0.0007	0.0001	0.0000	0.0000	#18178
2004	3	1	1	1	0	0	100	0.0000	0.0000	0.0000	0.0000	0.0000	0.0000	0.0000	0.0000	0.0000	0.0000	0.0000	0.0000	0.0000	0.0000	0.0000	0.0003	0.0061	0.0503	0.1285	0.1698	0.1959	0.1655	0.1356	0.0825	0.0441	0.0146	0.0054	0.0011	0.0001	0.0000	0.0000	#22465
2005	3	1	1	1	0	0	100	0.0000	0.0000	0.0000	0.0000	0.0000	0.0000	0.0000	0.0000	0.0001	0.0000	0.0000	0.0000	0.0000	0.0001	0.0001	0.0008	0.0150	0.0858	0.1543	0.1661	0.1785	0.1517	0.1134	0.0768	0.0375	0.0139	0.0044	0.0012	0.0002	0.0000	0.0000	#27971
2006	3	1	1	1	0	0	100	0.0000	0.0000	0.0000	0.0000	0.0000	0.0000	0.0000	0.0000	0.0000	0.0000	0.0000	0.0000	0.0000	0.0001	0.0001	0.0004	0.0101	0.0731	0.1893	0.2204	0.1893	0.1378	0.0888	0.0511	0.0263	0.0095	0.0029	0.0005	0.0003	0.0001	0.0000	#18451
2007	3	1	1	1	0	0	100	0.0000	0.0000	0.0000	0.0000	0.0000	0.0000	0.0000	0.0000	0.0000	0.0000	0.0000	0.0000	0.0000	0.0000	0.0002	0.0003	0.0066	0.0867	0.1830	0.1936	0.1846	0.1477	0.0987	0.0583	0.0274	0.0099	0.0026	0.0005	0.0001	0.0000	0.0000	#22809
2008	3	1	1	1	0	0	100	0.0000	0.0000	0.0000	0.0000	0.0000	0.0000	0.0000	0.0000	0.0000	0.0000	0.0000	0.0000	0.0000	0.0000	0.0000	0.0001	0.0081	0.0695	0.1466	0.1665	0.1771	0.1599	0.1217	0.0859	0.0418	0.0159	0.0054	0.0011	0.0001	0.0001	0.0000	#24997
2009	3	1	1	1	0	0	100	0.0000	0.0000	0.0000	0.0000	0.0000	0.0000	0.0000	0.0001	0.0000	0.0000	0.0000	0.0000	0.0000	0.0000	0.0000	0.0002	0.0109	0.1150	0.2216	0.1965	0.1591	0.1084	0.0802	0.0543	0.0326	0.0145	0.0055	0.0009	0.0003	0.0000	0.0000	#19336
2010	3	1	1	1	0	0	100	0.0000	0.0000	0.0000	0.0000	0.0000	0.0000	0.0000	0.0000	0.0000	0.0000	0.0000	0.0000	0.0000	0.0000	0.0000	0.0003	0.0090	0.0991	0.2245	0.2235	0.1858	0.1147	0.0698	0.0425	0.0205	0.0070	0.0019	0.0009	0.0002	0.0000	0.0000	#20347
2011	3	1	1	1	0	0	100	0.0000	0.0000	0.0000	0.0000	0.0000	0.0000	0.0000	0.0000	0.0001	0.0000	0.0000	0.0000	0.0000	0.0003	0.0001	0.0003	0.0113	0.1178	0.2429	0.2291	0.1730	0.1085	0.0644	0.0321	0.0138	0.0045	0.0015	0.0005	0.0001	0.0000	0.0000	#10904
2012	3	1	1	1	0	0	100	0.0000	0.0000	0.0000	0.0000	0.0000	0.0000	0.0000	0.0000	0.0000	0.0000	0.0000	0.0001	0.0000	0.0001	0.0000	0.0000	0.0043	0.0493	0.1245	0.1721	0.1877	0.1652	0.1247	0.0902	0.0493	0.0205	0.0092	0.0024	0.0001	0.0002	0.0000	#9084
2013	3	1	1	1	0	0	100	0.0000	0.0000	0.0000	0.0000	0.0000	0.0000	0.0000	0.0000	0.0000	0.0000	0.0001	0.0001	0.0000	0.0000	0.0001	0.0001	0.0054	0.0524	0.1272	0.1483	0.1663	0.1632	0.1427	0.1031	0.0588	0.0232	0.0067	0.0018	0.0005	0.0000	0.0000	#10396
2014	3	1	1	1	0	0	100	0.0000	0.0000	0.0000	0.0000	0.0000	0.0000	0.0000	0.0000	0.0000	0.0000	0.0000	0.0000	0.0000	0.0000	0.0000	0.0004	0.0116	0.0966	0.1824	0.1703	0.1453	0.1244	0.1105	0.0799	0.0460	0.0220	0.0077	0.0017	0.0008	0.0002	0.0000	#9718
2015	3	1	1	1	0	0	100	0.0000	0.0000	0.0000	0.0000	0.0000	0.0000	0.0000	0.0000	0.0000	0.0000	0.0000	0.0000	0.0000	0.0000	0.0001	0.0003	0.0066	0.0613	0.1472	0.1859	0.1960	0.1635	0.1066	0.0662	0.0360	0.0193	0.0078	0.0023	0.0009	0.0003	0.0000	#11971
2016	3	1	1	1	0	0	100	0.0000	0.0004	0.0000	0.0000	0.0000	0.0000	0.0000	0.0000	0.0000	0.0000	0.0000	0.0000	0.0000	0.0000	0.0000	0.0002	0.0063	0.0495	0.1276	0.1660	0.1820	0.1689	0.1352	0.0893	0.0446	0.0195	0.0078	0.0019	0.0006	0.0002	0.0001	#11007
2017	3	1	1	1	0	0	100	0.0000	0.0000	0.0000	0.0000	0.0000	0.0000	0.0000	0.0000	0.0000	0.0000	0.0000	0.0001	0.0001	0.0000	0.0000	0.0000	0.0044	0.0450	0.1056	0.1452	0.1782	0.1661	0.1514	0.1055	0.0617	0.0260	0.0078	0.0020	0.0008	0.0001	0.0000	#10067
2018	3	1	1	1	0	0	100	0.0000	0.0000	0.0000	0.0000	0.0000	0.0000	0.0000	0.0000	0.0000	0.0001	0.0000	0.0000	0.0000	0.0001	0.0000	0.0001	0.0056	0.0604	0.1373	0.1403	0.1385	0.1238	0.1321	0.1155	0.0824	0.0455	0.0128	0.0046	0.0004	0.0003	0.0000	#7825
2019	3	1	1	1	0	0	100	0.0000	0.0000	0.0000	0.0000	0.0000	0.0000	0.0000	0.0000	0.0000	0.0000	0.0000	0.0000	0.0000	0.0000	0.0000	0.0004	0.0085	0.0675	0.1356	0.1343	0.1282	0.1143	0.1173	0.1138	0.0947	0.0514	0.0248	0.0077	0.0011	0.0004	0.0000	#8134
2020	3	1	1	1	0	0	100	0.0000	0.0000	0.0000	0.0000	0.0000	0.0000	0.0000	0.0000	0.0000	0.0000	0.0000	0.0000	0.0000	0.0000	0.0000	0.0000	0.0078	0.0948	0.2247	0.2325	0.1855	0.1174	0.0623	0.0338	0.0223	0.0112	0.0057	0.0016	0.0005	0.0000	0.0000	#3850
2021	3	1	1	1	0	0	5.05	0.0000	0.0000	0.0000	0.0000	0.0000	0.0000	0.0000	0.0000	0.0000	0.0000	0.0000	0.0000	0.0000	0.0000	0.0000	0.0000	0.0099	0.0495	0.2079	0.2871	0.1980	0.0990	0.0495	0.0495	0.0198	0.0297	0.0000	0.0000	0.0000	0.0000	0.0000	#101
2022	3	1	1	1	0	0	5	0.0000	0.0000	0.0000	0.0000	0.0000	0.0000	0.0000	0.0000	0.0000	0.0000	0.0000	0.0000	0.0000	0.0000	0.0000	0.0000	0.0100	0.0400	0.1600	0.1800	0.2200	0.1500	0.1200	0.0600	0.0400	0.0000	0.0100	0.0100	0.0000	0.0000	0.0000	#100
